0 0.3779527559055118 0.11137254901960784 0.07874015748031496 0.0392156862745098
0 0.5393700787401575 0.11137254901960784 0.07874015748031496 0.0392156862745098
0 0.7007874015748031 0.11137254901960784 0.07874015748031496 0.0392156862745098
0 0.3779527559055118 0.19176470588235295 0.07874015748031496 0.0392156862745098
0 0.5393700787401575 0.19176470588235295 0.07874015748031496 0.0392156862745098
0 0.7007874015748031 0.19176470588235295 0.07874015748031496 0.0392156862745098
0 0.3779527559055118 0.3868627450980392 0.07874015748031496 0.0392156862745098
0 0.5393700787401575 0.3868627450980392 0.07874015748031496 0.0392156862745098
0 0.7007874015748031 0.3868627450980392 0.07874015748031496 0.0392156862745098
0 0.3779527559055118 0.46725490196078434 0.07874015748031496 0.0392156862745098
0 0.5393700787401575 0.46725490196078434 0.07874015748031496 0.0392156862745098
0 0.7007874015748031 0.46725490196078434 0.07874015748031496 0.0392156862745098
0 0.3779527559055118 0.5476470588235294 0.07874015748031496 0.0392156862745098
0 0.5393700787401575 0.5476470588235294 0.07874015748031496 0.0392156862745098
0 0.3779527559055118 0.6623529411764706 0.07874015748031496 0.0392156862745098
0 0.5393700787401575 0.6623529411764706 0.07874015748031496 0.0392156862745098
0 0.7007874015748031 0.6623529411764706 0.07874015748031496 0.0392156862745098
0 0.3779527559055118 0.7427450980392157 0.07874015748031496 0.0392156862745098
0 0.5393700787401575 0.7427450980392157 0.07874015748031496 0.0392156862745098
0 0.7007874015748031 0.7427450980392157 0.07874015748031496 0.0392156862745098
0 0.3779527559055118 0.8231372549019608 0.07874015748031496 0.0392156862745098
1 0.3248031496062992 0.09803921568627451 0.5039370078740157 0.25098039215686274
1 0.3248031496062992 0.3735294117647059 0.5039370078740157 0.25098039215686274
1 0.3248031496062992 0.6490196078431373 0.5039370078740157 0.25098039215686274
