0 0.33919999999999995 0.17260981912144704 0.064 0.05167958656330749
0 0.47040000000000004 0.17260981912144704 0.064 0.05167958656330749
0 0.33919999999999995 0.4297157622739018 0.064 0.05167958656330749
0 0.33919999999999995 0.6868217054263566 0.064 0.05167958656330749
0 0.47040000000000004 0.6868217054263566 0.064 0.05167958656330749
0 0.33919999999999995 0.7927648578811369 0.064 0.05167958656330749
0 0.6576000000000001 0.17260981912144704 0.064 0.05167958656330749
0 0.7888000000000001 0.17260981912144704 0.064 0.05167958656330749
0 0.6576000000000001 0.2785529715762274 0.064 0.05167958656330749
0 0.7888000000000001 0.2785529715762274 0.064 0.05167958656330749
0 0.6576000000000001 0.4297157622739018 0.064 0.05167958656330749
1 0.4032 0.24160206718346253 0.2784 0.2248062015503876
1 0.4032 0.4987080103359173 0.2784 0.2248062015503876
1 0.4032 0.7558139534883721 0.2784 0.2248062015503876
1 0.7216 0.24160206718346253 0.2784 0.2248062015503876
1 0.7216 0.4987080103359173 0.2784 0.2248062015503876
