0 0.26869455006337134 0.13098039215686275 0.050697084917617236 0.0392156862745098
0 0.3726235741444867 0.13098039215686275 0.050697084917617236 0.0392156862745098
0 0.47655259822560203 0.13098039215686275 0.050697084917617236 0.0392156862745098
0 0.26869455006337134 0.21137254901960784 0.050697084917617236 0.0392156862745098
0 0.3726235741444867 0.21137254901960784 0.050697084917617236 0.0392156862745098
0 0.47655259822560203 0.21137254901960784 0.050697084917617236 0.0392156862745098
0 0.26869455006337134 0.2917647058823529 0.050697084917617236 0.0392156862745098
0 0.26869455006337134 0.4064705882352941 0.050697084917617236 0.0392156862745098
0 0.3726235741444867 0.4064705882352941 0.050697084917617236 0.0392156862745098
0 0.47655259822560203 0.4064705882352941 0.050697084917617236 0.0392156862745098
0 0.26869455006337134 0.48686274509803923 0.050697084917617236 0.0392156862745098
0 0.3726235741444867 0.48686274509803923 0.050697084917617236 0.0392156862745098
0 0.47655259822560203 0.48686274509803923 0.050697084917617236 0.0392156862745098
0 0.26869455006337134 0.5672549019607843 0.050697084917617236 0.0392156862745098
0 0.3726235741444867 0.5672549019607843 0.050697084917617236 0.0392156862745098
0 0.26869455006337134 0.6819607843137255 0.050697084917617236 0.0392156862745098
0 0.3726235741444867 0.6819607843137255 0.050697084917617236 0.0392156862745098
0 0.47655259822560203 0.6819607843137255 0.050697084917617236 0.0392156862745098
0 0.26869455006337134 0.7623529411764707 0.050697084917617236 0.0392156862745098
0 0.3726235741444867 0.7623529411764707 0.050697084917617236 0.0392156862745098
0 0.47655259822560203 0.7623529411764707 0.050697084917617236 0.0392156862745098
0 0.26869455006337134 0.8427450980392157 0.050697084917617236 0.0392156862745098
0 0.6248415716096324 0.13098039215686275 0.050697084917617236 0.0392156862745098
0 0.7287705956907478 0.13098039215686275 0.050697084917617236 0.0392156862745098
0 0.8326996197718631 0.13098039215686275 0.050697084917617236 0.0392156862745098
0 0.6248415716096324 0.21137254901960784 0.050697084917617236 0.0392156862745098
0 0.7287705956907478 0.21137254901960784 0.050697084917617236 0.0392156862745098
0 0.8326996197718631 0.21137254901960784 0.050697084917617236 0.0392156862745098
0 0.6248415716096324 0.2917647058823529 0.050697084917617236 0.0392156862745098
0 0.6248415716096324 0.4064705882352941 0.050697084917617236 0.0392156862745098
0 0.7287705956907478 0.4064705882352941 0.050697084917617236 0.0392156862745098
0 0.8326996197718631 0.4064705882352941 0.050697084917617236 0.0392156862745098
0 0.6248415716096324 0.48686274509803923 0.050697084917617236 0.0392156862745098
0 0.7287705956907478 0.48686274509803923 0.050697084917617236 0.0392156862745098
1 0.3713561470215463 0.22352941176470587 0.3244613434727503 0.25098039215686274
1 0.3713561470215463 0.49901960784313726 0.3244613434727503 0.25098039215686274
1 0.3713561470215463 0.7745098039215687 0.3244613434727503 0.25098039215686274
1 0.7275031685678074 0.22352941176470587 0.3244613434727503 0.25098039215686274
1 0.7275031685678074 0.49901960784313726 0.3244613434727503 0.25098039215686274
