0 0.3779527559055118 0.1537212449255751 0.07874015748031496 0.05412719891745602
0 0.5393700787401575 0.1537212449255751 0.07874015748031496 0.05412719891745602
0 0.7007874015748031 0.1537212449255751 0.07874015748031496 0.05412719891745602
0 0.3779527559055118 0.26468200270635994 0.07874015748031496 0.05412719891745602
0 0.5393700787401575 0.26468200270635994 0.07874015748031496 0.05412719891745602
0 0.3779527559055118 0.5339648173207037 0.07874015748031496 0.05412719891745602
0 0.5393700787401575 0.5339648173207037 0.07874015748031496 0.05412719891745602
0 0.3779527559055118 0.6449255751014885 0.07874015748031496 0.05412719891745602
0 0.5393700787401575 0.6449255751014885 0.07874015748031496 0.05412719891745602
1 0.3248031496062992 0.13531799729364005 0.5039370078740157 0.34641407307171856
1 0.3248031496062992 0.5155615696887687 0.3425196850393701 0.2354533152909337
