0 0.41732283464566927 0.13098039215686275 0.07874015748031496 0.0392156862745098
0 0.41732283464566927 0.326078431372549 0.07874015748031496 0.0392156862745098
0 0.41732283464566927 0.5211764705882354 0.07874015748031496 0.0392156862745098
0 0.578740157480315 0.5211764705882354 0.07874015748031496 0.0392156862745098
0 0.7401574803149606 0.5211764705882354 0.07874015748031496 0.0392156862745098
0 0.41732283464566927 0.6015686274509804 0.07874015748031496 0.0392156862745098
0 0.578740157480315 0.6015686274509804 0.07874015748031496 0.0392156862745098
0 0.7401574803149606 0.6015686274509804 0.07874015748031496 0.0392156862745098
0 0.41732283464566927 0.6819607843137255 0.07874015748031496 0.0392156862745098
1 0.49606299212598426 0.18333333333333335 0.3425196850393701 0.17058823529411765
1 0.49606299212598426 0.3784313725490196 0.3425196850393701 0.17058823529411765
1 0.5767716535433071 0.6137254901960785 0.5039370078740157 0.25098039215686274
