0 0.3072 0.1467700258397933 0.064 0.05167958656330749
0 0.4384 0.1467700258397933 0.064 0.05167958656330749
0 0.3072 0.40387596899224804 0.064 0.05167958656330749
0 0.4384 0.40387596899224804 0.064 0.05167958656330749
0 0.3072 0.5098191214470285 0.064 0.05167958656330749
0 0.3072 0.6609819121447028 0.064 0.05167958656330749
0 0.6256 0.1467700258397933 0.064 0.05167958656330749
0 0.7568 0.1467700258397933 0.064 0.05167958656330749
0 0.6256 0.2527131782945736 0.064 0.05167958656330749
0 0.6256 0.40387596899224804 0.064 0.05167958656330749
0 0.7568 0.40387596899224804 0.064 0.05167958656330749
0 0.6256 0.5098191214470285 0.064 0.05167958656330749
0 0.7568 0.5098191214470285 0.064 0.05167958656330749
1 0.264 0.12919896640826872 0.2784 0.2248062015503876
1 0.264 0.3863049095607235 0.2784 0.2248062015503876
1 0.264 0.6434108527131783 0.2784 0.2248062015503876
1 0.5824 0.12919896640826872 0.2784 0.2248062015503876
1 0.5824 0.3863049095607235 0.2784 0.2248062015503876
