0 0.41732283464566927 0.18078484438430312 0.07874015748031496 0.05412719891745602
0 0.578740157480315 0.18078484438430312 0.07874015748031496 0.05412719891745602
0 0.41732283464566927 0.4500676589986468 0.07874015748031496 0.05412719891745602
0 0.578740157480315 0.4500676589986468 0.07874015748031496 0.05412719891745602
0 0.7401574803149606 0.4500676589986468 0.07874015748031496 0.05412719891745602
0 0.41732283464566927 0.5610284167794317 0.07874015748031496 0.05412719891745602
0 0.578740157480315 0.5610284167794317 0.07874015748031496 0.05412719891745602
0 0.7401574803149606 0.5610284167794317 0.07874015748031496 0.05412719891745602
0 0.41732283464566927 0.6719891745602166 0.07874015748031496 0.05412719891745602
1 0.49606299212598426 0.2530446549391069 0.3425196850393701 0.2354533152909337
1 0.5767716535433071 0.577807848443843 0.5039370078740157 0.34641407307171856
