0 0.4507042253521127 0.1467700258397933 0.09389671361502347 0.05167958656330749
0 0.6431924882629108 0.1467700258397933 0.09389671361502347 0.05167958656330749
0 0.4507042253521127 0.2527131782945736 0.09389671361502347 0.05167958656330749
0 0.6431924882629108 0.2527131782945736 0.09389671361502347 0.05167958656330749
0 0.4507042253521127 0.40387596899224804 0.09389671361502347 0.05167958656330749
0 0.6431924882629108 0.40387596899224804 0.09389671361502347 0.05167958656330749
0 0.4507042253521127 0.5098191214470285 0.09389671361502347 0.05167958656330749
0 0.6431924882629108 0.5098191214470285 0.09389671361502347 0.05167958656330749
0 0.4507042253521127 0.6609819121447028 0.09389671361502347 0.05167958656330749
0 0.6431924882629108 0.6609819121447028 0.09389671361502347 0.05167958656330749
0 0.4507042253521127 0.7669250645994832 0.09389671361502347 0.05167958656330749
1 0.3873239436619718 0.12919896640826872 0.4084507042253521 0.2248062015503876
1 0.3873239436619718 0.3863049095607235 0.4084507042253521 0.2248062015503876
1 0.3873239436619718 0.6434108527131783 0.4084507042253521 0.2248062015503876
