0 0.49765258215962443 0.17260981912144704 0.09389671361502347 0.05167958656330749
0 0.6901408450704225 0.17260981912144704 0.09389671361502347 0.05167958656330749
0 0.49765258215962443 0.2785529715762274 0.09389671361502347 0.05167958656330749
0 0.6901408450704225 0.2785529715762274 0.09389671361502347 0.05167958656330749
0 0.49765258215962443 0.4297157622739018 0.09389671361502347 0.05167958656330749
0 0.6901408450704225 0.4297157622739018 0.09389671361502347 0.05167958656330749
0 0.49765258215962443 0.5356589147286822 0.09389671361502347 0.05167958656330749
0 0.49765258215962443 0.6868217054263566 0.09389671361502347 0.05167958656330749
0 0.6901408450704225 0.6868217054263566 0.09389671361502347 0.05167958656330749
0 0.49765258215962443 0.7927648578811369 0.09389671361502347 0.05167958656330749
1 0.5915492957746479 0.24160206718346253 0.4084507042253521 0.2248062015503876
1 0.5915492957746479 0.4987080103359173 0.4084507042253521 0.2248062015503876
1 0.5915492957746479 0.7558139534883721 0.4084507042253521 0.2248062015503876
