0 0.24334600760456274 0.11137254901960784 0.050697084917617236 0.0392156862745098
0 0.3472750316856781 0.11137254901960784 0.050697084917617236 0.0392156862745098
0 0.4512040557667934 0.11137254901960784 0.050697084917617236 0.0392156862745098
0 0.24334600760456274 0.19176470588235295 0.050697084917617236 0.0392156862745098
0 0.3472750316856781 0.19176470588235295 0.050697084917617236 0.0392156862745098
0 0.4512040557667934 0.19176470588235295 0.050697084917617236 0.0392156862745098
0 0.24334600760456274 0.3868627450980392 0.050697084917617236 0.0392156862745098
0 0.3472750316856781 0.3868627450980392 0.050697084917617236 0.0392156862745098
0 0.4512040557667934 0.3868627450980392 0.050697084917617236 0.0392156862745098
0 0.24334600760456274 0.46725490196078434 0.050697084917617236 0.0392156862745098
0 0.3472750316856781 0.46725490196078434 0.050697084917617236 0.0392156862745098
0 0.24334600760456274 0.6623529411764706 0.050697084917617236 0.0392156862745098
0 0.3472750316856781 0.6623529411764706 0.050697084917617236 0.0392156862745098
0 0.4512040557667934 0.6623529411764706 0.050697084917617236 0.0392156862745098
0 0.24334600760456274 0.7427450980392157 0.050697084917617236 0.0392156862745098
0 0.3472750316856781 0.7427450980392157 0.050697084917617236 0.0392156862745098
0 0.5994930291508238 0.11137254901960784 0.050697084917617236 0.0392156862745098
0 0.7034220532319392 0.11137254901960784 0.050697084917617236 0.0392156862745098
0 0.8073510773130546 0.11137254901960784 0.050697084917617236 0.0392156862745098
0 0.5994930291508238 0.19176470588235295 0.050697084917617236 0.0392156862745098
0 0.7034220532319392 0.19176470588235295 0.050697084917617236 0.0392156862745098
0 0.8073510773130546 0.19176470588235295 0.050697084917617236 0.0392156862745098
0 0.5994930291508238 0.27215686274509804 0.050697084917617236 0.0392156862745098
1 0.20912547528517111 0.09803921568627451 0.3244613434727503 0.25098039215686274
1 0.20912547528517111 0.3735294117647059 0.3244613434727503 0.25098039215686274
1 0.20912547528517111 0.6490196078431373 0.3244613434727503 0.25098039215686274
1 0.5652724968314322 0.09803921568627451 0.3244613434727503 0.25098039215686274
