0 0.41732283464566927 0.13098039215686275 0.07874015748031496 0.0392156862745098
0 0.578740157480315 0.13098039215686275 0.07874015748031496 0.0392156862745098
0 0.7401574803149606 0.13098039215686275 0.07874015748031496 0.0392156862745098
0 0.41732283464566927 0.21137254901960784 0.07874015748031496 0.0392156862745098
0 0.578740157480315 0.21137254901960784 0.07874015748031496 0.0392156862745098
0 0.7401574803149606 0.21137254901960784 0.07874015748031496 0.0392156862745098
0 0.41732283464566927 0.2917647058823529 0.07874015748031496 0.0392156862745098
0 0.578740157480315 0.2917647058823529 0.07874015748031496 0.0392156862745098
0 0.41732283464566927 0.4064705882352941 0.07874015748031496 0.0392156862745098
0 0.578740157480315 0.4064705882352941 0.07874015748031496 0.0392156862745098
0 0.7401574803149606 0.4064705882352941 0.07874015748031496 0.0392156862745098
0 0.41732283464566927 0.48686274509803923 0.07874015748031496 0.0392156862745098
0 0.578740157480315 0.48686274509803923 0.07874015748031496 0.0392156862745098
0 0.7401574803149606 0.48686274509803923 0.07874015748031496 0.0392156862745098
0 0.41732283464566927 0.5672549019607843 0.07874015748031496 0.0392156862745098
0 0.578740157480315 0.5672549019607843 0.07874015748031496 0.0392156862745098
0 0.7401574803149606 0.5672549019607843 0.07874015748031496 0.0392156862745098
0 0.41732283464566927 0.6819607843137255 0.07874015748031496 0.0392156862745098
0 0.578740157480315 0.6819607843137255 0.07874015748031496 0.0392156862745098
1 0.5767716535433071 0.22352941176470587 0.5039370078740157 0.25098039215686274
1 0.5767716535433071 0.49901960784313726 0.5039370078740157 0.25098039215686274
1 0.49606299212598426 0.7343137254901961 0.3425196850393701 0.17058823529411765
